0 0.61171875 0.53671875 0.51875 0.6
2 0.44375 0.48671875 0.046875 0.07578125
2 0.5515625 0.4515625 0.028125 0.05390625
1 0.65078125 0.31640625 0.115625 0.121875
1 0.41796875 0.36171875 0.0515625 0.06015625
1 0.34609375 0.36328125 0.05625 0.06328125
1 0.234375 0.365625 0.03359375 0.05
1 0.265625 0.37109375 0.03203125 0.03828125
1 0.121875 0.36328125 0.05 0.0671875
1 0.82109375 0.403125 0.04296875 0.0546875
1 0.74765625 0.3875 0.0359375 0.0484375
2 0.48671875 0.446875 0.01875 0.01875
1 0.5078125 0.39296875 0.04375 0.0421875
1 0.57890625 0.3765625 0.04921875 0.0375