0 0.4171875 0.55546875 0.13984375 0.6375
3 0.396875 0.32421875 0.04453125 0.12734375
0 0.18359375 0.5203125 0.13828125 0.575
1 0.19296875 0.29140625 0.05390625 0.11796875
0 0.05703125 0.52265625 0.1140625 0.60625
3 0.05 0.29296875 0.04140625 0.10078125
0 0.70703125 0.59609375 0.18671875 0.69296875
2 0.6421875 0.4484375 0.046875 0.09453125
2 0.7625 0.4703125 0.0453125 0.08125
4 0.72265625 0.63671875 0.06171875 0.0546875
4 0.428125 0.6109375 0.0609375 0.05546875
4 0.1828125 0.5671875 0.053125 0.046875
4 0.03046875 0.5625 0.0578125 0.034375
2 0.09375 0.4421875 0.05546875 0.07109375
2 0.13203125 0.4171875 0.046875 0.08828125